{
 "cells": [
  {
   "cell_type": "markdown",
   "metadata": {},
   "source": [
    "# Assignment number 2 "
   ]
  },
  {
   "cell_type": "markdown",
   "metadata": {},
   "source": [
    "### 1. Perform a PCA, analysing the meaning of the first two principal components using the “circle of correlations”"
   ]
  },
  {
   "cell_type": "code",
   "execution_count": 65,
   "metadata": {},
   "outputs": [],
   "source": [
    "from sklearn.decomposition import PCA\n",
    "from sklearn.preprocessing import StandardScaler\n",
    "import pandas as pd \n",
    "import seaborn as sns\n",
    "import numpy as np\n",
    "import matplotlib.pyplot as plt\n",
    "%matplotlib inline"
   ]
  },
  {
   "cell_type": "code",
   "execution_count": 66,
   "metadata": {},
   "outputs": [
    {
     "name": "stdout",
     "output_type": "stream",
     "text": [
      "total 64\n",
      "-rwxr-xr-x@ 1 luchino_prince  staff  11462 Oct  8 15:58 \u001b[31mwines_properties.csv\u001b[m\u001b[m\n",
      "-rwxr-xr-x@ 1 luchino_prince  staff  19361 Oct  8 15:58 \u001b[31mass2.pdf\u001b[m\u001b[m\n"
     ]
    }
   ],
   "source": [
    "!ls -lrt"
   ]
  },
  {
   "cell_type": "code",
   "execution_count": 67,
   "metadata": {},
   "outputs": [
    {
     "name": "stdout",
     "output_type": "stream",
     "text": [
      "[Errno 2] No such file or directory: './Assignment_2'\n",
      "/Users/luchino_prince/Desktop/statistics/Assignment_2\n",
      "total 64\n",
      "-rwxr-xr-x@ 1 luchino_prince  staff  11462 Oct  8 15:58 \u001b[31mwines_properties.csv\u001b[m\u001b[m\n",
      "-rwxr-xr-x@ 1 luchino_prince  staff  19361 Oct  8 15:58 \u001b[31mass2.pdf\u001b[m\u001b[m\n"
     ]
    }
   ],
   "source": [
    "%cd ./Assignment_2\n",
    "!ls -lrt"
   ]
  },
  {
   "cell_type": "code",
   "execution_count": 68,
   "metadata": {},
   "outputs": [],
   "source": [
    "wine = pd.read_csv(\"wines_properties.csv\")"
   ]
  },
  {
   "cell_type": "code",
   "execution_count": 69,
   "metadata": {},
   "outputs": [
    {
     "data": {
      "text/html": [
       "<div>\n",
       "<style scoped>\n",
       "    .dataframe tbody tr th:only-of-type {\n",
       "        vertical-align: middle;\n",
       "    }\n",
       "\n",
       "    .dataframe tbody tr th {\n",
       "        vertical-align: top;\n",
       "    }\n",
       "\n",
       "    .dataframe thead th {\n",
       "        text-align: right;\n",
       "    }\n",
       "</style>\n",
       "<table border=\"1\" class=\"dataframe\">\n",
       "  <thead>\n",
       "    <tr style=\"text-align: right;\">\n",
       "      <th></th>\n",
       "      <th>Alcohol</th>\n",
       "      <th>Malic_Acid</th>\n",
       "      <th>Ash</th>\n",
       "      <th>Ash_Alcanity</th>\n",
       "      <th>Magnesium</th>\n",
       "      <th>Total_Phenols</th>\n",
       "      <th>Flavanoids</th>\n",
       "      <th>Nonflavanoid_Phenols</th>\n",
       "      <th>Proanthocyanins</th>\n",
       "      <th>Color_Intensity</th>\n",
       "      <th>Hue</th>\n",
       "      <th>OD280</th>\n",
       "      <th>Proline</th>\n",
       "      <th>Customer_Segment</th>\n",
       "    </tr>\n",
       "  </thead>\n",
       "  <tbody>\n",
       "    <tr>\n",
       "      <th>0</th>\n",
       "      <td>14.23</td>\n",
       "      <td>1.71</td>\n",
       "      <td>2.43</td>\n",
       "      <td>15.6</td>\n",
       "      <td>127</td>\n",
       "      <td>2.80</td>\n",
       "      <td>3.06</td>\n",
       "      <td>0.28</td>\n",
       "      <td>2.29</td>\n",
       "      <td>5.64</td>\n",
       "      <td>1.04</td>\n",
       "      <td>3.92</td>\n",
       "      <td>1065</td>\n",
       "      <td>1</td>\n",
       "    </tr>\n",
       "    <tr>\n",
       "      <th>1</th>\n",
       "      <td>13.20</td>\n",
       "      <td>1.78</td>\n",
       "      <td>2.14</td>\n",
       "      <td>11.2</td>\n",
       "      <td>100</td>\n",
       "      <td>2.65</td>\n",
       "      <td>2.76</td>\n",
       "      <td>0.26</td>\n",
       "      <td>1.28</td>\n",
       "      <td>4.38</td>\n",
       "      <td>1.05</td>\n",
       "      <td>3.40</td>\n",
       "      <td>1050</td>\n",
       "      <td>1</td>\n",
       "    </tr>\n",
       "    <tr>\n",
       "      <th>2</th>\n",
       "      <td>13.16</td>\n",
       "      <td>2.36</td>\n",
       "      <td>2.67</td>\n",
       "      <td>18.6</td>\n",
       "      <td>101</td>\n",
       "      <td>2.80</td>\n",
       "      <td>3.24</td>\n",
       "      <td>0.30</td>\n",
       "      <td>2.81</td>\n",
       "      <td>5.68</td>\n",
       "      <td>1.03</td>\n",
       "      <td>3.17</td>\n",
       "      <td>1185</td>\n",
       "      <td>1</td>\n",
       "    </tr>\n",
       "    <tr>\n",
       "      <th>3</th>\n",
       "      <td>14.37</td>\n",
       "      <td>1.95</td>\n",
       "      <td>2.50</td>\n",
       "      <td>16.8</td>\n",
       "      <td>113</td>\n",
       "      <td>3.85</td>\n",
       "      <td>3.49</td>\n",
       "      <td>0.24</td>\n",
       "      <td>2.18</td>\n",
       "      <td>7.80</td>\n",
       "      <td>0.86</td>\n",
       "      <td>3.45</td>\n",
       "      <td>1480</td>\n",
       "      <td>1</td>\n",
       "    </tr>\n",
       "    <tr>\n",
       "      <th>4</th>\n",
       "      <td>13.24</td>\n",
       "      <td>2.59</td>\n",
       "      <td>2.87</td>\n",
       "      <td>21.0</td>\n",
       "      <td>118</td>\n",
       "      <td>2.80</td>\n",
       "      <td>2.69</td>\n",
       "      <td>0.39</td>\n",
       "      <td>1.82</td>\n",
       "      <td>4.32</td>\n",
       "      <td>1.04</td>\n",
       "      <td>2.93</td>\n",
       "      <td>735</td>\n",
       "      <td>1</td>\n",
       "    </tr>\n",
       "  </tbody>\n",
       "</table>\n",
       "</div>"
      ],
      "text/plain": [
       "   Alcohol  Malic_Acid   Ash  Ash_Alcanity  Magnesium  Total_Phenols  \\\n",
       "0    14.23        1.71  2.43          15.6        127           2.80   \n",
       "1    13.20        1.78  2.14          11.2        100           2.65   \n",
       "2    13.16        2.36  2.67          18.6        101           2.80   \n",
       "3    14.37        1.95  2.50          16.8        113           3.85   \n",
       "4    13.24        2.59  2.87          21.0        118           2.80   \n",
       "\n",
       "   Flavanoids  Nonflavanoid_Phenols  Proanthocyanins  Color_Intensity   Hue  \\\n",
       "0        3.06                  0.28             2.29             5.64  1.04   \n",
       "1        2.76                  0.26             1.28             4.38  1.05   \n",
       "2        3.24                  0.30             2.81             5.68  1.03   \n",
       "3        3.49                  0.24             2.18             7.80  0.86   \n",
       "4        2.69                  0.39             1.82             4.32  1.04   \n",
       "\n",
       "   OD280  Proline  Customer_Segment  \n",
       "0   3.92     1065                 1  \n",
       "1   3.40     1050                 1  \n",
       "2   3.17     1185                 1  \n",
       "3   3.45     1480                 1  \n",
       "4   2.93      735                 1  "
      ]
     },
     "execution_count": 69,
     "metadata": {},
     "output_type": "execute_result"
    }
   ],
   "source": [
    "wine.head()"
   ]
  },
  {
   "cell_type": "code",
   "execution_count": 70,
   "metadata": {},
   "outputs": [],
   "source": [
    "#Dropping missing values \n",
    "wine.dropna(how = \"all\", inplace = True)"
   ]
  },
  {
   "cell_type": "code",
   "execution_count": 71,
   "metadata": {},
   "outputs": [],
   "source": [
    "#Dropping the Qualitative data \n",
    "wine2 = wine.iloc[:,0:13]"
   ]
  },
  {
   "cell_type": "code",
   "execution_count": 72,
   "metadata": {},
   "outputs": [
    {
     "data": {
      "text/html": [
       "<div>\n",
       "<style scoped>\n",
       "    .dataframe tbody tr th:only-of-type {\n",
       "        vertical-align: middle;\n",
       "    }\n",
       "\n",
       "    .dataframe tbody tr th {\n",
       "        vertical-align: top;\n",
       "    }\n",
       "\n",
       "    .dataframe thead th {\n",
       "        text-align: right;\n",
       "    }\n",
       "</style>\n",
       "<table border=\"1\" class=\"dataframe\">\n",
       "  <thead>\n",
       "    <tr style=\"text-align: right;\">\n",
       "      <th></th>\n",
       "      <th>Alcohol</th>\n",
       "      <th>Malic_Acid</th>\n",
       "      <th>Ash</th>\n",
       "      <th>Ash_Alcanity</th>\n",
       "      <th>Magnesium</th>\n",
       "      <th>Total_Phenols</th>\n",
       "      <th>Flavanoids</th>\n",
       "      <th>Nonflavanoid_Phenols</th>\n",
       "      <th>Proanthocyanins</th>\n",
       "      <th>Color_Intensity</th>\n",
       "      <th>Hue</th>\n",
       "      <th>OD280</th>\n",
       "      <th>Proline</th>\n",
       "    </tr>\n",
       "  </thead>\n",
       "  <tbody>\n",
       "    <tr>\n",
       "      <th>0</th>\n",
       "      <td>14.23</td>\n",
       "      <td>1.71</td>\n",
       "      <td>2.43</td>\n",
       "      <td>15.6</td>\n",
       "      <td>127</td>\n",
       "      <td>2.80</td>\n",
       "      <td>3.06</td>\n",
       "      <td>0.28</td>\n",
       "      <td>2.29</td>\n",
       "      <td>5.64</td>\n",
       "      <td>1.04</td>\n",
       "      <td>3.92</td>\n",
       "      <td>1065</td>\n",
       "    </tr>\n",
       "    <tr>\n",
       "      <th>1</th>\n",
       "      <td>13.20</td>\n",
       "      <td>1.78</td>\n",
       "      <td>2.14</td>\n",
       "      <td>11.2</td>\n",
       "      <td>100</td>\n",
       "      <td>2.65</td>\n",
       "      <td>2.76</td>\n",
       "      <td>0.26</td>\n",
       "      <td>1.28</td>\n",
       "      <td>4.38</td>\n",
       "      <td>1.05</td>\n",
       "      <td>3.40</td>\n",
       "      <td>1050</td>\n",
       "    </tr>\n",
       "    <tr>\n",
       "      <th>2</th>\n",
       "      <td>13.16</td>\n",
       "      <td>2.36</td>\n",
       "      <td>2.67</td>\n",
       "      <td>18.6</td>\n",
       "      <td>101</td>\n",
       "      <td>2.80</td>\n",
       "      <td>3.24</td>\n",
       "      <td>0.30</td>\n",
       "      <td>2.81</td>\n",
       "      <td>5.68</td>\n",
       "      <td>1.03</td>\n",
       "      <td>3.17</td>\n",
       "      <td>1185</td>\n",
       "    </tr>\n",
       "    <tr>\n",
       "      <th>3</th>\n",
       "      <td>14.37</td>\n",
       "      <td>1.95</td>\n",
       "      <td>2.50</td>\n",
       "      <td>16.8</td>\n",
       "      <td>113</td>\n",
       "      <td>3.85</td>\n",
       "      <td>3.49</td>\n",
       "      <td>0.24</td>\n",
       "      <td>2.18</td>\n",
       "      <td>7.80</td>\n",
       "      <td>0.86</td>\n",
       "      <td>3.45</td>\n",
       "      <td>1480</td>\n",
       "    </tr>\n",
       "    <tr>\n",
       "      <th>4</th>\n",
       "      <td>13.24</td>\n",
       "      <td>2.59</td>\n",
       "      <td>2.87</td>\n",
       "      <td>21.0</td>\n",
       "      <td>118</td>\n",
       "      <td>2.80</td>\n",
       "      <td>2.69</td>\n",
       "      <td>0.39</td>\n",
       "      <td>1.82</td>\n",
       "      <td>4.32</td>\n",
       "      <td>1.04</td>\n",
       "      <td>2.93</td>\n",
       "      <td>735</td>\n",
       "    </tr>\n",
       "  </tbody>\n",
       "</table>\n",
       "</div>"
      ],
      "text/plain": [
       "   Alcohol  Malic_Acid   Ash  Ash_Alcanity  Magnesium  Total_Phenols  \\\n",
       "0    14.23        1.71  2.43          15.6        127           2.80   \n",
       "1    13.20        1.78  2.14          11.2        100           2.65   \n",
       "2    13.16        2.36  2.67          18.6        101           2.80   \n",
       "3    14.37        1.95  2.50          16.8        113           3.85   \n",
       "4    13.24        2.59  2.87          21.0        118           2.80   \n",
       "\n",
       "   Flavanoids  Nonflavanoid_Phenols  Proanthocyanins  Color_Intensity   Hue  \\\n",
       "0        3.06                  0.28             2.29             5.64  1.04   \n",
       "1        2.76                  0.26             1.28             4.38  1.05   \n",
       "2        3.24                  0.30             2.81             5.68  1.03   \n",
       "3        3.49                  0.24             2.18             7.80  0.86   \n",
       "4        2.69                  0.39             1.82             4.32  1.04   \n",
       "\n",
       "   OD280  Proline  \n",
       "0   3.92     1065  \n",
       "1   3.40     1050  \n",
       "2   3.17     1185  \n",
       "3   3.45     1480  \n",
       "4   2.93      735  "
      ]
     },
     "execution_count": 72,
     "metadata": {},
     "output_type": "execute_result"
    }
   ],
   "source": [
    "wine2.head()"
   ]
  },
  {
   "cell_type": "code",
   "execution_count": 108,
   "metadata": {},
   "outputs": [],
   "source": [
    "#standardizing\n",
    "wine_s = StandardScaler().fit_transform(wine2)"
   ]
  },
  {
   "cell_type": "code",
   "execution_count": 74,
   "metadata": {},
   "outputs": [
    {
     "data": {
      "text/plain": [
       "array([[ 1.00564972,  0.09493026,  0.21273976, -0.31198788,  0.27232816,\n",
       "         0.29073446,  0.23815287, -0.15681042,  0.13747022,  0.549451  ,\n",
       "        -0.07215255,  0.07275191,  0.64735687],\n",
       "       [ 0.09493026,  1.00564972,  0.16497228,  0.29013035, -0.05488343,\n",
       "        -0.3370606 , -0.41332866,  0.29463237, -0.22199334,  0.25039204,\n",
       "        -0.56446685, -0.37079354, -0.19309537],\n",
       "       [ 0.21273976,  0.16497228,  1.00564972,  0.44587209,  0.28820583,\n",
       "         0.12970824,  0.11572743,  0.1872826 ,  0.00970647,  0.2603499 ,\n",
       "        -0.07508874,  0.00393333,  0.22488969],\n",
       "       [-0.31198788,  0.29013035,  0.44587209,  1.00564972, -0.0838039 ,\n",
       "        -0.32292752, -0.353355  ,  0.36396647, -0.19844168,  0.01883781,\n",
       "        -0.27550299, -0.27833221, -0.44308618],\n",
       "       [ 0.27232816, -0.05488343,  0.28820583, -0.0838039 ,  1.00564972,\n",
       "         0.21561254,  0.19688989, -0.25774204,  0.23777643,  0.20107967,\n",
       "         0.05571118,  0.06637684,  0.39557317],\n",
       "       [ 0.29073446, -0.3370606 ,  0.12970824, -0.32292752,  0.21561254,\n",
       "         1.00564972,  0.86944804, -0.45247731,  0.61587304, -0.05544792,\n",
       "         0.43613151,  0.70390388,  0.50092909],\n",
       "       [ 0.23815287, -0.41332866,  0.11572743, -0.353355  ,  0.19688989,\n",
       "         0.86944804,  1.00564972, -0.54093859,  0.65637929, -0.17335329,\n",
       "         0.54654907,  0.79164133,  0.49698518],\n",
       "       [-0.15681042,  0.29463237,  0.1872826 ,  0.36396647, -0.25774204,\n",
       "        -0.45247731, -0.54093859,  1.00564972, -0.36791202,  0.13984265,\n",
       "        -0.26412347, -0.50611293, -0.31314443],\n",
       "       [ 0.13747022, -0.22199334,  0.00970647, -0.19844168,  0.23777643,\n",
       "         0.61587304,  0.65637929, -0.36791202,  1.00564972, -0.02539259,\n",
       "         0.29721399,  0.52199968,  0.33228346],\n",
       "       [ 0.549451  ,  0.25039204,  0.2603499 ,  0.01883781,  0.20107967,\n",
       "        -0.05544792, -0.17335329,  0.13984265, -0.02539259,  1.00564972,\n",
       "        -0.52476129, -0.43123763,  0.31788599],\n",
       "       [-0.07215255, -0.56446685, -0.07508874, -0.27550299,  0.05571118,\n",
       "         0.43613151,  0.54654907, -0.26412347,  0.29721399, -0.52476129,\n",
       "         1.00564972,  0.56866303,  0.23751782],\n",
       "       [ 0.07275191, -0.37079354,  0.00393333, -0.27833221,  0.06637684,\n",
       "         0.70390388,  0.79164133, -0.50611293,  0.52199968, -0.43123763,\n",
       "         0.56866303,  1.00564972,  0.31452809],\n",
       "       [ 0.64735687, -0.19309537,  0.22488969, -0.44308618,  0.39557317,\n",
       "         0.50092909,  0.49698518, -0.31314443,  0.33228346,  0.31788599,\n",
       "         0.23751782,  0.31452809,  1.00564972]])"
      ]
     },
     "execution_count": 74,
     "metadata": {},
     "output_type": "execute_result"
    }
   ],
   "source": [
    "# getting eigenvectors and eigenvalues\n",
    "mean_vector = np.mean(wine_s, axis = 0)\n",
    "N = wine_s.shape[0]\n",
    "covariance_matrix = (wine_s - mean_vector).T.dot((wine_s - mean_vector)) / (N - 1)\n",
    "covariance_matrix"
   ]
  },
  {
   "cell_type": "code",
   "execution_count": 75,
   "metadata": {},
   "outputs": [
    {
     "data": {
      "text/plain": [
       "array([[ 1.00564972,  0.09493026,  0.21273976, -0.31198788,  0.27232816,\n",
       "         0.29073446,  0.23815287, -0.15681042,  0.13747022,  0.549451  ,\n",
       "        -0.07215255,  0.07275191,  0.64735687],\n",
       "       [ 0.09493026,  1.00564972,  0.16497228,  0.29013035, -0.05488343,\n",
       "        -0.3370606 , -0.41332866,  0.29463237, -0.22199334,  0.25039204,\n",
       "        -0.56446685, -0.37079354, -0.19309537],\n",
       "       [ 0.21273976,  0.16497228,  1.00564972,  0.44587209,  0.28820583,\n",
       "         0.12970824,  0.11572743,  0.1872826 ,  0.00970647,  0.2603499 ,\n",
       "        -0.07508874,  0.00393333,  0.22488969],\n",
       "       [-0.31198788,  0.29013035,  0.44587209,  1.00564972, -0.0838039 ,\n",
       "        -0.32292752, -0.353355  ,  0.36396647, -0.19844168,  0.01883781,\n",
       "        -0.27550299, -0.27833221, -0.44308618],\n",
       "       [ 0.27232816, -0.05488343,  0.28820583, -0.0838039 ,  1.00564972,\n",
       "         0.21561254,  0.19688989, -0.25774204,  0.23777643,  0.20107967,\n",
       "         0.05571118,  0.06637684,  0.39557317],\n",
       "       [ 0.29073446, -0.3370606 ,  0.12970824, -0.32292752,  0.21561254,\n",
       "         1.00564972,  0.86944804, -0.45247731,  0.61587304, -0.05544792,\n",
       "         0.43613151,  0.70390388,  0.50092909],\n",
       "       [ 0.23815287, -0.41332866,  0.11572743, -0.353355  ,  0.19688989,\n",
       "         0.86944804,  1.00564972, -0.54093859,  0.65637929, -0.17335329,\n",
       "         0.54654907,  0.79164133,  0.49698518],\n",
       "       [-0.15681042,  0.29463237,  0.1872826 ,  0.36396647, -0.25774204,\n",
       "        -0.45247731, -0.54093859,  1.00564972, -0.36791202,  0.13984265,\n",
       "        -0.26412347, -0.50611293, -0.31314443],\n",
       "       [ 0.13747022, -0.22199334,  0.00970647, -0.19844168,  0.23777643,\n",
       "         0.61587304,  0.65637929, -0.36791202,  1.00564972, -0.02539259,\n",
       "         0.29721399,  0.52199968,  0.33228346],\n",
       "       [ 0.549451  ,  0.25039204,  0.2603499 ,  0.01883781,  0.20107967,\n",
       "        -0.05544792, -0.17335329,  0.13984265, -0.02539259,  1.00564972,\n",
       "        -0.52476129, -0.43123763,  0.31788599],\n",
       "       [-0.07215255, -0.56446685, -0.07508874, -0.27550299,  0.05571118,\n",
       "         0.43613151,  0.54654907, -0.26412347,  0.29721399, -0.52476129,\n",
       "         1.00564972,  0.56866303,  0.23751782],\n",
       "       [ 0.07275191, -0.37079354,  0.00393333, -0.27833221,  0.06637684,\n",
       "         0.70390388,  0.79164133, -0.50611293,  0.52199968, -0.43123763,\n",
       "         0.56866303,  1.00564972,  0.31452809],\n",
       "       [ 0.64735687, -0.19309537,  0.22488969, -0.44308618,  0.39557317,\n",
       "         0.50092909,  0.49698518, -0.31314443,  0.33228346,  0.31788599,\n",
       "         0.23751782,  0.31452809,  1.00564972]])"
      ]
     },
     "execution_count": 75,
     "metadata": {},
     "output_type": "execute_result"
    }
   ],
   "source": [
    "# the same as above.\n",
    "np.cov(wine_s.T)"
   ]
  },
  {
   "cell_type": "code",
   "execution_count": 76,
   "metadata": {},
   "outputs": [],
   "source": [
    "eigen_values, eigen_vectors = np.linalg.eig(covariance_matrix)"
   ]
  },
  {
   "cell_type": "code",
   "execution_count": 77,
   "metadata": {},
   "outputs": [
    {
     "data": {
      "text/plain": [
       "array([4.73243698, 2.51108093, 1.45424187, 0.92416587, 0.85804868,\n",
       "       0.64528221, 0.55414147, 0.10396199, 0.35046627, 0.16972374,\n",
       "       0.29051203, 0.22706428, 0.25232001])"
      ]
     },
     "execution_count": 77,
     "metadata": {},
     "output_type": "execute_result"
    }
   ],
   "source": [
    "eigen_values"
   ]
  },
  {
   "cell_type": "code",
   "execution_count": 78,
   "metadata": {},
   "outputs": [
    {
     "data": {
      "text/plain": [
       "array([[-0.1443294 ,  0.48365155, -0.20738262,  0.0178563 , -0.26566365,\n",
       "         0.21353865,  0.05639636, -0.01496997,  0.39613926, -0.26628645,\n",
       "        -0.50861912, -0.22591696,  0.21160473],\n",
       "       [ 0.24518758,  0.22493093,  0.08901289, -0.53689028,  0.03521363,\n",
       "         0.53681385, -0.42052391, -0.02596375,  0.06582674,  0.12169604,\n",
       "         0.07528304,  0.07648554, -0.30907994],\n",
       "       [ 0.00205106,  0.31606881,  0.6262239 ,  0.21417556, -0.14302547,\n",
       "         0.15447466,  0.14917061,  0.14121803, -0.17026002, -0.04962237,\n",
       "         0.30769445, -0.49869142, -0.02712539],\n",
       "       [ 0.23932041, -0.0105905 ,  0.61208035, -0.06085941,  0.06610294,\n",
       "        -0.10082451,  0.28696914, -0.09168285,  0.42797018, -0.05574287,\n",
       "        -0.20044931,  0.47931378,  0.05279942],\n",
       "       [-0.14199204,  0.299634  ,  0.13075693,  0.35179658,  0.72704851,\n",
       "         0.03814394, -0.3228833 , -0.05677422, -0.15636143,  0.06222011,\n",
       "        -0.27140257,  0.07128891,  0.06787022],\n",
       "       [-0.39466085,  0.06503951,  0.14617896, -0.19806835, -0.14931841,\n",
       "        -0.0841223 ,  0.02792498,  0.46390791, -0.40593409, -0.30388245,\n",
       "        -0.28603452,  0.30434119, -0.32013135],\n",
       "       [-0.4229343 , -0.00335981,  0.1506819 , -0.15229479, -0.10902584,\n",
       "        -0.01892002,  0.06068521, -0.83225706, -0.18724536, -0.04289883,\n",
       "        -0.04957849, -0.02569409, -0.16315051],\n",
       "       [ 0.2985331 ,  0.02877949,  0.17036816,  0.20330102, -0.50070298,\n",
       "        -0.25859401, -0.59544729, -0.11403985, -0.23328465,  0.04235219,\n",
       "        -0.19550132,  0.11689586,  0.21553507],\n",
       "       [-0.31342949,  0.03930172,  0.14945431, -0.39905653,  0.13685982,\n",
       "        -0.53379539, -0.37213935,  0.11691707,  0.36822675, -0.09555303,\n",
       "         0.20914487, -0.23736257,  0.1341839 ],\n",
       "       [ 0.0886167 ,  0.52999567, -0.13730621, -0.06592568, -0.07643678,\n",
       "        -0.41864414,  0.22771214,  0.0119928 , -0.03379692,  0.60422163,\n",
       "        -0.05621752,  0.0318388 , -0.29077518],\n",
       "       [-0.29671456, -0.27923515,  0.08522192,  0.42777141, -0.17361452,\n",
       "         0.10598274, -0.23207564,  0.08988884,  0.43662362,  0.259214  ,\n",
       "        -0.08582839, -0.04821201, -0.52239889],\n",
       "       [-0.37616741, -0.16449619,  0.16600459, -0.18412074, -0.10116099,\n",
       "         0.26585107,  0.0447637 ,  0.15671813, -0.07810789,  0.60095872,\n",
       "        -0.1372269 ,  0.0464233 ,  0.52370587],\n",
       "       [-0.28675223,  0.36490283, -0.12674592,  0.23207086, -0.1578688 ,\n",
       "         0.11972557, -0.0768045 , -0.01444734,  0.12002267, -0.07940162,\n",
       "         0.57578611,  0.53926983,  0.162116  ]])"
      ]
     },
     "execution_count": 78,
     "metadata": {},
     "output_type": "execute_result"
    }
   ],
   "source": [
    "eigen_vectors"
   ]
  },
  {
   "cell_type": "code",
   "execution_count": 79,
   "metadata": {},
   "outputs": [
    {
     "data": {
      "text/html": [
       "<div>\n",
       "<style scoped>\n",
       "    .dataframe tbody tr th:only-of-type {\n",
       "        vertical-align: middle;\n",
       "    }\n",
       "\n",
       "    .dataframe tbody tr th {\n",
       "        vertical-align: top;\n",
       "    }\n",
       "\n",
       "    .dataframe thead th {\n",
       "        text-align: right;\n",
       "    }\n",
       "</style>\n",
       "<table border=\"1\" class=\"dataframe\">\n",
       "  <thead>\n",
       "    <tr style=\"text-align: right;\">\n",
       "      <th></th>\n",
       "      <th>0</th>\n",
       "      <th>1</th>\n",
       "      <th>2</th>\n",
       "      <th>3</th>\n",
       "      <th>4</th>\n",
       "      <th>5</th>\n",
       "      <th>6</th>\n",
       "      <th>7</th>\n",
       "      <th>8</th>\n",
       "      <th>9</th>\n",
       "      <th>10</th>\n",
       "      <th>11</th>\n",
       "      <th>12</th>\n",
       "    </tr>\n",
       "  </thead>\n",
       "  <tbody>\n",
       "    <tr>\n",
       "      <th>0</th>\n",
       "      <td>1.000000</td>\n",
       "      <td>0.094397</td>\n",
       "      <td>0.211545</td>\n",
       "      <td>-0.310235</td>\n",
       "      <td>0.270798</td>\n",
       "      <td>0.289101</td>\n",
       "      <td>0.236815</td>\n",
       "      <td>-0.155929</td>\n",
       "      <td>0.136698</td>\n",
       "      <td>0.546364</td>\n",
       "      <td>-0.071747</td>\n",
       "      <td>0.072343</td>\n",
       "      <td>0.643720</td>\n",
       "    </tr>\n",
       "    <tr>\n",
       "      <th>1</th>\n",
       "      <td>0.094397</td>\n",
       "      <td>1.000000</td>\n",
       "      <td>0.164045</td>\n",
       "      <td>0.288500</td>\n",
       "      <td>-0.054575</td>\n",
       "      <td>-0.335167</td>\n",
       "      <td>-0.411007</td>\n",
       "      <td>0.292977</td>\n",
       "      <td>-0.220746</td>\n",
       "      <td>0.248985</td>\n",
       "      <td>-0.561296</td>\n",
       "      <td>-0.368710</td>\n",
       "      <td>-0.192011</td>\n",
       "    </tr>\n",
       "    <tr>\n",
       "      <th>2</th>\n",
       "      <td>0.211545</td>\n",
       "      <td>0.164045</td>\n",
       "      <td>1.000000</td>\n",
       "      <td>0.443367</td>\n",
       "      <td>0.286587</td>\n",
       "      <td>0.128980</td>\n",
       "      <td>0.115077</td>\n",
       "      <td>0.186230</td>\n",
       "      <td>0.009652</td>\n",
       "      <td>0.258887</td>\n",
       "      <td>-0.074667</td>\n",
       "      <td>0.003911</td>\n",
       "      <td>0.223626</td>\n",
       "    </tr>\n",
       "    <tr>\n",
       "      <th>3</th>\n",
       "      <td>-0.310235</td>\n",
       "      <td>0.288500</td>\n",
       "      <td>0.443367</td>\n",
       "      <td>1.000000</td>\n",
       "      <td>-0.083333</td>\n",
       "      <td>-0.321113</td>\n",
       "      <td>-0.351370</td>\n",
       "      <td>0.361922</td>\n",
       "      <td>-0.197327</td>\n",
       "      <td>0.018732</td>\n",
       "      <td>-0.273955</td>\n",
       "      <td>-0.276769</td>\n",
       "      <td>-0.440597</td>\n",
       "    </tr>\n",
       "    <tr>\n",
       "      <th>4</th>\n",
       "      <td>0.270798</td>\n",
       "      <td>-0.054575</td>\n",
       "      <td>0.286587</td>\n",
       "      <td>-0.083333</td>\n",
       "      <td>1.000000</td>\n",
       "      <td>0.214401</td>\n",
       "      <td>0.195784</td>\n",
       "      <td>-0.256294</td>\n",
       "      <td>0.236441</td>\n",
       "      <td>0.199950</td>\n",
       "      <td>0.055398</td>\n",
       "      <td>0.066004</td>\n",
       "      <td>0.393351</td>\n",
       "    </tr>\n",
       "    <tr>\n",
       "      <th>5</th>\n",
       "      <td>0.289101</td>\n",
       "      <td>-0.335167</td>\n",
       "      <td>0.128980</td>\n",
       "      <td>-0.321113</td>\n",
       "      <td>0.214401</td>\n",
       "      <td>1.000000</td>\n",
       "      <td>0.864564</td>\n",
       "      <td>-0.449935</td>\n",
       "      <td>0.612413</td>\n",
       "      <td>-0.055136</td>\n",
       "      <td>0.433681</td>\n",
       "      <td>0.699949</td>\n",
       "      <td>0.498115</td>\n",
       "    </tr>\n",
       "    <tr>\n",
       "      <th>6</th>\n",
       "      <td>0.236815</td>\n",
       "      <td>-0.411007</td>\n",
       "      <td>0.115077</td>\n",
       "      <td>-0.351370</td>\n",
       "      <td>0.195784</td>\n",
       "      <td>0.864564</td>\n",
       "      <td>1.000000</td>\n",
       "      <td>-0.537900</td>\n",
       "      <td>0.652692</td>\n",
       "      <td>-0.172379</td>\n",
       "      <td>0.543479</td>\n",
       "      <td>0.787194</td>\n",
       "      <td>0.494193</td>\n",
       "    </tr>\n",
       "    <tr>\n",
       "      <th>7</th>\n",
       "      <td>-0.155929</td>\n",
       "      <td>0.292977</td>\n",
       "      <td>0.186230</td>\n",
       "      <td>0.361922</td>\n",
       "      <td>-0.256294</td>\n",
       "      <td>-0.449935</td>\n",
       "      <td>-0.537900</td>\n",
       "      <td>1.000000</td>\n",
       "      <td>-0.365845</td>\n",
       "      <td>0.139057</td>\n",
       "      <td>-0.262640</td>\n",
       "      <td>-0.503270</td>\n",
       "      <td>-0.311385</td>\n",
       "    </tr>\n",
       "    <tr>\n",
       "      <th>8</th>\n",
       "      <td>0.136698</td>\n",
       "      <td>-0.220746</td>\n",
       "      <td>0.009652</td>\n",
       "      <td>-0.197327</td>\n",
       "      <td>0.236441</td>\n",
       "      <td>0.612413</td>\n",
       "      <td>0.652692</td>\n",
       "      <td>-0.365845</td>\n",
       "      <td>1.000000</td>\n",
       "      <td>-0.025250</td>\n",
       "      <td>0.295544</td>\n",
       "      <td>0.519067</td>\n",
       "      <td>0.330417</td>\n",
       "    </tr>\n",
       "    <tr>\n",
       "      <th>9</th>\n",
       "      <td>0.546364</td>\n",
       "      <td>0.248985</td>\n",
       "      <td>0.258887</td>\n",
       "      <td>0.018732</td>\n",
       "      <td>0.199950</td>\n",
       "      <td>-0.055136</td>\n",
       "      <td>-0.172379</td>\n",
       "      <td>0.139057</td>\n",
       "      <td>-0.025250</td>\n",
       "      <td>1.000000</td>\n",
       "      <td>-0.521813</td>\n",
       "      <td>-0.428815</td>\n",
       "      <td>0.316100</td>\n",
       "    </tr>\n",
       "    <tr>\n",
       "      <th>10</th>\n",
       "      <td>-0.071747</td>\n",
       "      <td>-0.561296</td>\n",
       "      <td>-0.074667</td>\n",
       "      <td>-0.273955</td>\n",
       "      <td>0.055398</td>\n",
       "      <td>0.433681</td>\n",
       "      <td>0.543479</td>\n",
       "      <td>-0.262640</td>\n",
       "      <td>0.295544</td>\n",
       "      <td>-0.521813</td>\n",
       "      <td>1.000000</td>\n",
       "      <td>0.565468</td>\n",
       "      <td>0.236183</td>\n",
       "    </tr>\n",
       "    <tr>\n",
       "      <th>11</th>\n",
       "      <td>0.072343</td>\n",
       "      <td>-0.368710</td>\n",
       "      <td>0.003911</td>\n",
       "      <td>-0.276769</td>\n",
       "      <td>0.066004</td>\n",
       "      <td>0.699949</td>\n",
       "      <td>0.787194</td>\n",
       "      <td>-0.503270</td>\n",
       "      <td>0.519067</td>\n",
       "      <td>-0.428815</td>\n",
       "      <td>0.565468</td>\n",
       "      <td>1.000000</td>\n",
       "      <td>0.312761</td>\n",
       "    </tr>\n",
       "    <tr>\n",
       "      <th>12</th>\n",
       "      <td>0.643720</td>\n",
       "      <td>-0.192011</td>\n",
       "      <td>0.223626</td>\n",
       "      <td>-0.440597</td>\n",
       "      <td>0.393351</td>\n",
       "      <td>0.498115</td>\n",
       "      <td>0.494193</td>\n",
       "      <td>-0.311385</td>\n",
       "      <td>0.330417</td>\n",
       "      <td>0.316100</td>\n",
       "      <td>0.236183</td>\n",
       "      <td>0.312761</td>\n",
       "      <td>1.000000</td>\n",
       "    </tr>\n",
       "  </tbody>\n",
       "</table>\n",
       "</div>"
      ],
      "text/plain": [
       "          0         1         2         3         4         5         6   \\\n",
       "0   1.000000  0.094397  0.211545 -0.310235  0.270798  0.289101  0.236815   \n",
       "1   0.094397  1.000000  0.164045  0.288500 -0.054575 -0.335167 -0.411007   \n",
       "2   0.211545  0.164045  1.000000  0.443367  0.286587  0.128980  0.115077   \n",
       "3  -0.310235  0.288500  0.443367  1.000000 -0.083333 -0.321113 -0.351370   \n",
       "4   0.270798 -0.054575  0.286587 -0.083333  1.000000  0.214401  0.195784   \n",
       "5   0.289101 -0.335167  0.128980 -0.321113  0.214401  1.000000  0.864564   \n",
       "6   0.236815 -0.411007  0.115077 -0.351370  0.195784  0.864564  1.000000   \n",
       "7  -0.155929  0.292977  0.186230  0.361922 -0.256294 -0.449935 -0.537900   \n",
       "8   0.136698 -0.220746  0.009652 -0.197327  0.236441  0.612413  0.652692   \n",
       "9   0.546364  0.248985  0.258887  0.018732  0.199950 -0.055136 -0.172379   \n",
       "10 -0.071747 -0.561296 -0.074667 -0.273955  0.055398  0.433681  0.543479   \n",
       "11  0.072343 -0.368710  0.003911 -0.276769  0.066004  0.699949  0.787194   \n",
       "12  0.643720 -0.192011  0.223626 -0.440597  0.393351  0.498115  0.494193   \n",
       "\n",
       "          7         8         9         10        11        12  \n",
       "0  -0.155929  0.136698  0.546364 -0.071747  0.072343  0.643720  \n",
       "1   0.292977 -0.220746  0.248985 -0.561296 -0.368710 -0.192011  \n",
       "2   0.186230  0.009652  0.258887 -0.074667  0.003911  0.223626  \n",
       "3   0.361922 -0.197327  0.018732 -0.273955 -0.276769 -0.440597  \n",
       "4  -0.256294  0.236441  0.199950  0.055398  0.066004  0.393351  \n",
       "5  -0.449935  0.612413 -0.055136  0.433681  0.699949  0.498115  \n",
       "6  -0.537900  0.652692 -0.172379  0.543479  0.787194  0.494193  \n",
       "7   1.000000 -0.365845  0.139057 -0.262640 -0.503270 -0.311385  \n",
       "8  -0.365845  1.000000 -0.025250  0.295544  0.519067  0.330417  \n",
       "9   0.139057 -0.025250  1.000000 -0.521813 -0.428815  0.316100  \n",
       "10 -0.262640  0.295544 -0.521813  1.000000  0.565468  0.236183  \n",
       "11 -0.503270  0.519067 -0.428815  0.565468  1.000000  0.312761  \n",
       "12 -0.311385  0.330417  0.316100  0.236183  0.312761  1.000000  "
      ]
     },
     "execution_count": 79,
     "metadata": {},
     "output_type": "execute_result"
    }
   ],
   "source": [
    "# Correlation matrix\n",
    "correlation_matrix = np.corrcoef(wine_s.T)\n",
    "pd.DataFrame(correlation_matrix)"
   ]
  },
  {
   "cell_type": "code",
   "execution_count": 80,
   "metadata": {},
   "outputs": [],
   "source": [
    "eigen_values_corr, eigen_vectors_corr = np.linalg.eig(correlation_matrix)"
   ]
  },
  {
   "cell_type": "code",
   "execution_count": 81,
   "metadata": {},
   "outputs": [
    {
     "data": {
      "text/plain": [
       "array([4.70585025, 2.49697373, 1.44607197, 0.91897392, 0.85322818,\n",
       "       0.64165703, 0.55102831, 0.10337794, 0.34849736, 0.16877023,\n",
       "       0.28887994, 0.22578864, 0.25090248])"
      ]
     },
     "execution_count": 81,
     "metadata": {},
     "output_type": "execute_result"
    }
   ],
   "source": [
    "eigen_values_corr"
   ]
  },
  {
   "cell_type": "code",
   "execution_count": 82,
   "metadata": {},
   "outputs": [
    {
     "data": {
      "text/plain": [
       "array([[-0.1443294 ,  0.48365155, -0.20738262,  0.0178563 , -0.26566365,\n",
       "         0.21353865,  0.05639636, -0.01496997,  0.39613926, -0.26628645,\n",
       "        -0.50861912, -0.22591696,  0.21160473],\n",
       "       [ 0.24518758,  0.22493093,  0.08901289, -0.53689028,  0.03521363,\n",
       "         0.53681385, -0.42052391, -0.02596375,  0.06582674,  0.12169604,\n",
       "         0.07528304,  0.07648554, -0.30907994],\n",
       "       [ 0.00205106,  0.31606881,  0.6262239 ,  0.21417556, -0.14302547,\n",
       "         0.15447466,  0.14917061,  0.14121803, -0.17026002, -0.04962237,\n",
       "         0.30769445, -0.49869142, -0.02712539],\n",
       "       [ 0.23932041, -0.0105905 ,  0.61208035, -0.06085941,  0.06610294,\n",
       "        -0.10082451,  0.28696914, -0.09168285,  0.42797018, -0.05574287,\n",
       "        -0.20044931,  0.47931378,  0.05279942],\n",
       "       [-0.14199204,  0.299634  ,  0.13075693,  0.35179658,  0.72704851,\n",
       "         0.03814394, -0.3228833 , -0.05677422, -0.15636143,  0.06222011,\n",
       "        -0.27140257,  0.07128891,  0.06787022],\n",
       "       [-0.39466085,  0.06503951,  0.14617896, -0.19806835, -0.14931841,\n",
       "        -0.0841223 ,  0.02792498,  0.46390791, -0.40593409, -0.30388245,\n",
       "        -0.28603452,  0.30434119, -0.32013135],\n",
       "       [-0.4229343 , -0.00335981,  0.1506819 , -0.15229479, -0.10902584,\n",
       "        -0.01892002,  0.06068521, -0.83225706, -0.18724536, -0.04289883,\n",
       "        -0.04957849, -0.02569409, -0.16315051],\n",
       "       [ 0.2985331 ,  0.02877949,  0.17036816,  0.20330102, -0.50070298,\n",
       "        -0.25859401, -0.59544729, -0.11403985, -0.23328465,  0.04235219,\n",
       "        -0.19550132,  0.11689586,  0.21553507],\n",
       "       [-0.31342949,  0.03930172,  0.14945431, -0.39905653,  0.13685982,\n",
       "        -0.53379539, -0.37213935,  0.11691707,  0.36822675, -0.09555303,\n",
       "         0.20914487, -0.23736257,  0.1341839 ],\n",
       "       [ 0.0886167 ,  0.52999567, -0.13730621, -0.06592568, -0.07643678,\n",
       "        -0.41864414,  0.22771214,  0.0119928 , -0.03379692,  0.60422163,\n",
       "        -0.05621752,  0.0318388 , -0.29077518],\n",
       "       [-0.29671456, -0.27923515,  0.08522192,  0.42777141, -0.17361452,\n",
       "         0.10598274, -0.23207564,  0.08988884,  0.43662362,  0.259214  ,\n",
       "        -0.08582839, -0.04821201, -0.52239889],\n",
       "       [-0.37616741, -0.16449619,  0.16600459, -0.18412074, -0.10116099,\n",
       "         0.26585107,  0.0447637 ,  0.15671813, -0.07810789,  0.60095872,\n",
       "        -0.1372269 ,  0.0464233 ,  0.52370587],\n",
       "       [-0.28675223,  0.36490283, -0.12674592,  0.23207086, -0.1578688 ,\n",
       "         0.11972557, -0.0768045 , -0.01444734,  0.12002267, -0.07940162,\n",
       "         0.57578611,  0.53926983,  0.162116  ]])"
      ]
     },
     "execution_count": 82,
     "metadata": {},
     "output_type": "execute_result"
    }
   ],
   "source": [
    "eigen_vectors_corr"
   ]
  },
  {
   "cell_type": "code",
   "execution_count": 83,
   "metadata": {},
   "outputs": [],
   "source": [
    "u, s, v = np.linalg.svd(wine_s.T)"
   ]
  },
  {
   "cell_type": "code",
   "execution_count": 84,
   "metadata": {},
   "outputs": [
    {
     "data": {
      "text/html": [
       "<div>\n",
       "<style scoped>\n",
       "    .dataframe tbody tr th:only-of-type {\n",
       "        vertical-align: middle;\n",
       "    }\n",
       "\n",
       "    .dataframe tbody tr th {\n",
       "        vertical-align: top;\n",
       "    }\n",
       "\n",
       "    .dataframe thead th {\n",
       "        text-align: right;\n",
       "    }\n",
       "</style>\n",
       "<table border=\"1\" class=\"dataframe\">\n",
       "  <thead>\n",
       "    <tr style=\"text-align: right;\">\n",
       "      <th></th>\n",
       "      <th>0</th>\n",
       "      <th>1</th>\n",
       "      <th>2</th>\n",
       "      <th>3</th>\n",
       "      <th>4</th>\n",
       "      <th>5</th>\n",
       "      <th>6</th>\n",
       "      <th>7</th>\n",
       "      <th>8</th>\n",
